10 20 15
-730 -468 -700 -997 518 561 263 399 852 564 -447 627 -838 735 -441 -181 536 75 465 449 
303 791 -687 653 -471 637 829 493 -555 -576 -414 -285 -486 -557 -725 -969 -996 538 -12 413 
-342 541 39 -180 276 156 197 -189 -770 -339 817 90 -549 -871 -257 -20 323 -872 -971 768 
-891 -384 -960 -377 -384 -685 -345 -380 411 643 -968 -932 -260 -371 -111 -985 785 -915 -617 572 
-254 757 -338 197 887 -38 734 209 90 764 -466 199 937 -426 823 -448 -111 -966 173 857 
677 -238 926 -584 391 -186 990 -268 -544 930 862 202 687 -477 956 130 42 246 -662 -869 
9 -571 -113 -498 3 -291 55 450 -257 785 306 977 -897 231 951 495 602 497 -774 -943 
-17 645 -184 -331 -833 -672 356 209 575 695 -103 -860 681 785 -357 -316 -950 255 691 -649 
-404 -4 885 -301 785 392 -807 -57 -112 978 -442 429 622 -69 655 347 260 11 -888 -609 
-738 -433 -469 943 -649 -269 -374 959 986 -684 -691 -862 -130 752 -162 -346 143 -412 154 589 
1 1 1 10
1 1 1 20
1 1 1 1
1 10 1 20
1 1 5 1
1 1 10 1
5 1 10 1
10 20 10 20
10 1 10 10
10 1 10 20
10 1 10 1
10 10 10 20
1 20 5 20
1 20 10 20
5 20 10 20