100
0 941
0 6077
1
0 9560
1
0 12770
1
0 2117
0 1791
1
0 11037
0 9837
0 25325
0 9199
1
1
0 7399
0 8370
0 4475
0 8618
0 29293
0 26638
0 608
1
1
0 650
0 289
0 19519
0 21243
0 6180
0 17785
0 19321
0 7313
0 8870
1
0 14858
0 15298
0 28595
0 10161
1
0 29668
0 22487
1
1
0 23525
0 25941
0 8634
1
0 8400
0 4837
1
0 28823
1
1
1
1
0 14944
1
1
0 22190
0 2410
1
1
1
0 24176
0 18360
0 22224
0 10238
0 24510
1
1
1
1
1
0 6824
0 7634
0 25112
1
1
0 20767
0 9559
0 8894
0 22215
0 21707
0 16261
0 26415
0 3371
0 12109
1
1
0 20202
1
0 25161
0 27810
1
0 22034
0 19913
1
1
0 10947